
..........................................14....16....18...
dc 81 0f 08 bd fc 00 08 85 fc 00 08 83 00 01 00 01 00 00 00 
f8 93 0f 08 35 7e 03 08 85 fc 00 08 83 00 01 00 01 00 00 00 
04 94 0f 08 ad 31 01 08 85 fc 00 08 83 00 01 00 01 00 00 00 
f0 81 0f 08 59 38 02 08 85 fc 00 08 83 00 01 00 01 00 00 00 
04 82 0f 08 75 42 03 08 85 fc 00 08 83 00 01 00 01 00 00 00 
18 82 0f 08 a1 34 01 08 85 fc 00 08 83 00 01 00 01 00 00 00 
40 a3 09 08 bd 7c 01 08 85 fc 00 08 8a 00 01 00 02 00 00 00 
3c 05 0d 08 b9 65 01 08 85 fc 00 08 8a 00 01 00 02 00 00 00 
30 ff 0c 08 c1 36 01 08 85 fc 00 08 8a 00 01 00 02 00 00 00 
60 a4 09 08 89 66 01 08 85 fc 00 08 8a 00 00 00 02 00 00 00 
34 07 0d 08 39 36 01 08 85 fc 00 08 8a 00 00 00 02 00 00 00 
d8 fb 09 08 05 c4 09 08 85 fc 00 08 8a 00 01 00 02 00 00 00 
f0 fb 09 08 fd c8 09 08 85 fc 00 08 98 00 01 00 00 00 00 00 
0c fc 09 08 dd ce 09 08 85 fc 00 08 98 00 01 00 00 00 00 00 
24 fc 09 08 d9 cf 09 08 85 fc 00 08 98 00 01 00 00 00 00 00 
38 fc 09 08 99 d0 09 08 85 fc 00 08 98 00 01 00 00 00 00 00
44 fc 09 08 f5 c6 09 08 85 fc 00 08 98 00 01 00 00 00 00 00 
cc fb 09 08 11 c3 09 08 85 fc 00 08 8a 00 00 00 00 00 00 00 
5c fc 09 08 95 d3 09 08 85 fc 00 08 8a 00 01 00 00 00 00 00 
74 fc 09 08 f9 c7 09 08 85 fc 00 08 98 00 01 00 00 00 00 00
90 fc 09 08 39 d2 09 08 85 fc 00 08 8a 00 01 00 00 00 00 00 
ac fc 09 08 59 d1 09 08 85 fc 00 08 98 00 01 00 00 00 00 00 
00 00 00 00 00 00 00 00 00 00 00 00 00 00 00 00 00 00 00 00 
00 00 00 00 


